305.9889	93.0519
306.0009	97.2136
306.0130	99.2735
306.0250	97.9621
306.0370	96.8463
306.0491	96.8144
306.0611	99.4491
306.0731	99.1745
306.0851	99.1617
306.0972	98.2196
306.1092	100.0997
306.1212	99.3533
306.1333	98.8263
306.1453	99.2255
306.1573	99.5892
306.1693	98.1237
306.1814	102.5723
306.1934	99.6923
306.2054	98.1216
306.2174	97.4691
306.2295	97.1976
306.2415	97.8824
306.2535	97.8842
306.2656	98.3952
306.2776	97.5329
306.2896	96.8455
306.3016	97.7405
306.3137	98.6188
306.3257	98.9381
306.3377	99.5449
306.3498	98.0419
306.3618	96.7657
306.3738	102.9142
306.3858	98.7625
306.3979	98.2515
306.4099	100.2273
306.4219	99.3533
306.4339	99.4810
306.4460	98.3473
306.4580	97.9302
306.4700	96.3832
306.4821	98.2515
306.4941	97.0209
306.5061	99.2735
306.5181	98.6986
306.5302	97.9002
306.5422	96.9900
306.5542	98.1078
306.5663	98.9192
306.5783	99.3533
306.5903	96.5749
306.6023	97.9143
306.6143	97.0060
306.6264	98.3313
306.6384	98.0419
306.6505	98.7625
306.6625	96.8942
306.6745	101.5833
306.6865	101.7325
306.6985	98.6347
306.7106	98.2493
306.7226	97.4371
306.7346	100.3273
306.7467	98.4407
306.7587	97.6304
306.7707	97.5968
306.7827	97.1326
306.7948	96.0798
306.8068	98.1397
306.8188	99.0947
306.8308	98.7465
306.8429	100.1677
306.8549	102.2054
306.8669	99.0180
306.8790	98.6986
306.8910	98.6826
306.9030	98.2014
306.9150	97.7725
306.9271	96.4626
306.9391	97.7086
306.9511	98.6986
306.9632	98.8076
306.9752	97.1178
306.9872	99.6124
306.9992	97.6590
307.0113	99.9601
307.0233	99.2894
307.0353	97.9143
307.0474	96.8623
307.0594	99.9761
307.0714	100.2114
307.0834	97.3733
307.0955	98.1876
307.1075	99.4491
307.1195	97.5793
307.1315	101.6527
307.1436	98.1237
307.1556	100.6148
307.1676	98.1854
307.1797	97.5968
307.1917	96.8295
307.2037	98.7333
307.2157	96.5902
307.2278	100.7856
307.2398	98.9730
307.2518	96.5902
307.2639	99.3693
307.2759	101.4291
307.2879	101.0409
307.2999	96.7186
307.3120	101.2216
307.3240	98.4112
307.3360	105.5872
307.3480	101.5888
307.3601	96.3194
307.3721	112.0957
307.3841	100.7425
307.3961	97.8363
307.4082	96.9900
307.4202	112.8136
307.4322	97.0060
307.4442	98.3131
307.4563	99.7083
307.4683	98.9671
307.4803	96.8933
307.4924	100.6034
307.5044	97.1805
307.5164	99.7844
307.5284	99.2255
307.5405	96.3034
307.5525	98.7119
307.5645	99.1457
307.5766	98.9062
307.5886	99.4138
307.6006	97.1976
307.6126	96.1597
307.6247	99.2223
307.6367	98.1876
307.6487	97.9002
307.6608	100.4551
307.6728	100.2433
307.6848	97.6766
307.6968	97.6766
307.7089	101.6367
307.7209	97.9302
307.7329	96.6866
307.7449	95.8723
307.7570	97.6271
307.7690	103.5050
307.7810	100.8543
307.7931	99.0978
307.8051	96.9252
307.8171	99.7525
307.8291	100.5509
307.8412	99.5928
307.8532	96.6547
307.8652	96.0160
307.8773	99.4651
307.8893	96.9581
307.9013	102.7318
307.9133	98.9062
307.9254	98.5868
307.9374	97.3081
307.9494	98.2834
307.9615	98.0918
307.9735	97.2762
307.9855	96.7665
307.9975	97.8204
308.0096	98.6959
308.0216	99.2607
308.0336	97.0847
308.0456	96.7505
308.0576	97.1976
308.0697	96.4311
308.0817	97.3878
308.0938	99.5609
308.1058	97.9960
308.1178	99.9242
308.1298	99.9281
308.1418	97.6287
308.1539	100.0678
308.1659	102.4990
308.1779	96.9421
308.1900	97.8824
308.2020	98.6667
308.2140	101.2216
308.2260	97.3240
308.2381	97.0220
308.2501	98.5255
308.2621	98.8526
308.2742	99.2288
308.2862	97.1497
308.2982	100.1476
308.3102	96.9102
308.3223	97.3253
308.3343	99.7328
308.3463	99.4970
308.3583	97.7725
308.3704	96.3988
308.3824	99.3054
308.3944	97.9800
308.4065	97.7405
308.4185	96.4945
308.4305	97.7405
308.4425	98.1078
308.4546	97.7707
308.4666	97.8222
308.4786	97.9302
308.4907	111.3619
308.5027	100.0120
308.5147	98.2173
308.5267	97.8842
308.5388	100.6627
308.5508	100.2752
308.5628	97.0699
308.5749	97.5808
308.5869	99.8604
308.5989	100.5030
308.6109	96.7186
308.6230	96.9421
308.6350	96.6540
308.6470	98.3633
308.6590	100.9661
308.6711	97.2615
308.6831	96.0638
308.6951	98.4910
308.7072	105.1725
308.7192	99.1968
308.7312	98.2014
308.7432	97.6112
308.7552	97.4705
308.7673	99.3021
308.7793	97.8523
308.7914	99.0978
308.8034	100.2475
308.8154	111.5214
308.8274	115.0499
308.8394	100.6148
308.8515	97.6112
308.8635	98.5549
308.8755	96.7665
308.8876	98.1216
308.8996	105.8363
308.9116	98.6667
308.9236	100.8383
308.9357	97.1645
308.9477	97.2295
308.9597	98.6959
308.9717	97.9820
308.9838	100.5145
308.9958	99.5768
309.0078	97.8044
309.0199	99.9721
309.0319	106.1557
309.0439	101.4770
309.0559	96.3992
309.0680	96.6381
309.0800	97.2136
309.0920	98.1717
309.1041	98.2675
309.1161	96.9421
309.1281	97.0369
309.1401	97.6607
309.1522	98.4407
309.1642	102.9461
309.1762	96.2395
309.1883	96.2555
309.2003	97.9940
309.2123	98.3473
309.2243	97.1816
309.2364	98.3450
309.2484	99.0499
309.2604	100.1996
309.2724	110.3250
309.2845	97.2295
309.2965	97.7565
309.3085	97.0699
309.3206	101.1737
309.3326	98.0120
309.3446	97.2443
309.3566	100.4391
309.3687	97.9641
309.3807	110.5324
309.3927	98.5549
309.4048	99.0020
309.4168	97.8824
309.4288	96.8144
309.4408	96.3513
309.4529	99.0469
309.4649	98.2675
309.4769	100.3433
309.4890	106.5763
309.5010	96.7345
309.5130	97.7086
309.5250	97.1805
309.5370	97.6464
309.5491	96.2236
309.5611	96.1276
309.5731	101.7804
309.5851	98.3792
309.5972	112.2871
309.6092	99.1617
309.6212	96.8782
309.6333	96.4945
309.6453	97.6926
309.6573	102.0040
309.6693	98.3154
309.6814	97.3081
309.6934	96.7345
309.7054	97.7245
309.7175	100.0518
309.7295	97.8523
309.7415	101.0249
309.7535	96.2076
309.7656	97.4545
309.7776	96.8933
309.7896	97.6447
309.8017	97.9002
309.8137	99.9083
309.8257	96.4471
309.8377	98.0279
309.8498	97.6909
309.8618	97.7245
309.8738	96.8303
309.8858	96.9102
309.8979	97.6271
309.9099	100.7585
309.9219	97.8842
309.9340	97.5329
309.9460	97.0847
309.9580	97.1178
309.9700	99.6849
309.9821	99.0050
309.9941	96.2393
310.0061	96.5902
310.0182	98.8931
310.0302	98.5683
310.0422	98.4271
310.0542	97.0858
310.0663	96.8614
310.0783	96.9102
310.0903	97.5808
310.1024	98.6028
310.1144	97.2602
310.1264	97.3413
310.1384	98.3473
310.1505	99.0628
310.1625	98.7625
310.1745	98.5389
310.1865	97.8842
310.1986	101.3440
310.2106	99.3533
310.2226	102.2692
310.2346	97.6144
310.2467	97.8026
310.2587	96.0160
310.2707	97.7565
310.2827	98.1376
310.2948	97.8363
310.3068	97.6926
310.3188	97.1178
310.3309	97.2124
310.3429	98.4591
310.3549	98.8104
310.3669	97.4691
310.3790	97.4371
310.3910	98.1216
310.4030	97.7565
310.4151	99.7488
310.4271	97.6926
310.4391	97.0699
310.4511	98.2333
310.4632	99.1138
310.4752	100.2156
310.4872	97.0060
310.4992	96.8614
310.5113	97.9960
310.5233	98.0120
310.5353	98.2333
310.5474	98.3952
310.5594	98.3313
310.5714	97.7565
310.5834	97.1178
310.5955	97.9321
310.6075	97.7228
310.6195	97.0699
310.6316	98.1237
310.6436	98.9192
310.6556	97.4691
310.6676	98.2834
310.6797	97.8664
310.6917	97.0539
310.7037	97.4052
310.7158	98.8076
310.7278	99.7206
310.7398	102.3713
310.7518	99.5892
310.7639	97.5968
310.7759	102.0998
310.7879	99.1904
310.7999	99.6284
310.8120	97.8842
310.8240	97.0209
310.8360	98.8104
310.8481	98.9062
310.8601	97.9781
310.8721	97.3892
310.8841	97.6926
310.8961	98.9990
310.9082	98.3473
310.9202	99.5130
310.9323	97.1816
310.9443	97.7228
310.9563	97.7245
310.9683	97.7707
310.9803	98.2834
310.9924	97.6766
311.0044	97.1964
311.0164	97.2774
311.0285	101.8022
311.0405	97.3878
311.0525	98.0439
311.0645	98.3792
311.0766	96.8933
311.0886	97.5968
311.1006	102.9301
311.1127	103.4975
311.1247	97.2295
311.1367	97.8363
311.1487	97.1816
311.1608	98.1695
311.1728	100.9661
311.1848	97.1976
311.1968	97.6607
311.2089	98.5204
311.2209	98.4112
311.2329	97.1645
311.2450	97.2467
311.2570	97.0050
311.2690	98.9352
311.2810	99.6284
311.2931	99.0788
311.3051	97.6926
311.3171	98.3633
311.3292	97.2283
311.3412	97.5968
311.3532	101.4132
311.3652	100.9341
311.3773	101.0090
311.3893	103.7285
311.4013	98.7146
311.4134	112.2233
311.4254	97.6447
311.4374	97.8683
311.4494	97.8842
311.4615	111.4257
311.4735	98.8902
311.4855	98.8554
311.4975	98.0939
311.5096	97.3719
311.5216	97.0699
311.5336	98.2036
311.5457	97.7069
311.5577	100.4551
311.5697	97.3413
311.5817	97.1816
311.5938	98.5204
311.6058	100.9022
311.6178	99.4970
311.6299	97.5155
311.6419	99.2735
311.6539	99.6567
311.6659	101.8225
311.6779	98.5389
311.6900	97.0699
311.7020	98.0918
311.7140	100.4666
311.7261	97.7245
311.7381	97.8842
311.7501	98.3154
311.7621	97.0847
311.7742	97.8044
311.7862	97.3573
311.7982	99.3340
311.8102	97.4850
311.8223	97.5170
311.8343	97.8044
311.8463	97.1976
311.8584	96.9421
311.8704	98.5364
311.8824	101.0619
311.8944	96.0000
311.9065	96.5902
311.9185	101.5409
311.9305	96.9261
311.9426	99.0788
311.9546	97.5649
311.9666	101.8922
311.9786	97.4995
311.9907	98.6986
312.0027	98.9541
312.0147	97.1964
312.0268	97.0699
312.0388	98.6028
312.0508	99.5414
312.0628	97.3427
312.0749	99.0339
312.0869	99.3500
312.0989	98.6507
312.1109	96.8782
312.1230	100.6421
312.1350	99.6088
312.1470	97.2136
312.1591	98.3928
312.1711	100.0239
312.1831	97.4691
312.1951	98.0419
312.2072	101.3333
312.2192	98.5868
312.2312	98.9990
312.2433	97.9481
312.2553	100.8383
312.2673	97.5474
312.2793	97.2295
312.2914	97.7902
312.3034	98.4407
312.3154	99.5449
312.3275	96.8303
312.3395	99.5095
312.3515	99.2096
312.3635	98.9701
312.3755	98.4407
312.3876	96.9741
312.3996	96.2076
312.4116	99.2383
312.4236	98.8583
312.4357	97.7405
312.4477	99.0499
312.4597	96.4467
312.4718	96.9581
312.4838	98.4910
312.4958	98.1057
312.5078	99.9960
312.5199	97.0688
312.5319	110.5803
312.5439	96.8631
312.5560	100.8494
312.5680	99.3852
312.5800	97.3733
312.5920	97.4995
312.6041	97.9800
312.6161	99.7844
312.6281	100.1198
312.6402	111.5214
312.6522	109.4770
312.6642	101.4451
312.6762	100.7537
312.6883	98.2355
312.7003	97.4371
312.7123	96.4471
312.7243	96.4467
312.7364	98.9541
312.7484	100.4666
312.7604	100.2997
312.7725	96.5583
312.7845	99.2861
312.7965	98.7333
312.8085	100.6421
312.8206	99.1776
312.8326	99.0339
312.8446	98.9860
312.8567	105.1087
312.8687	100.3912
312.8807	96.6228
312.8927	101.0409
312.9048	97.3892
312.9168	98.0759
312.9288	100.6421
312.9409	100.9501
312.9529	99.4970
312.9649	101.3653
312.9769	98.4726
312.9890	98.6028
313.0010	98.0100
313.0130	99.7083
313.0250	100.9133
313.0370	101.4132
313.0491	96.4471
313.0611	101.4237
313.0732	105.7086
313.0852	105.5489
313.0972	97.4052
313.1092	99.6371
313.1212	98.6347
313.1333	97.4052
313.1453	99.4172
313.1573	96.6068
313.1694	96.9890
313.1814	99.3852
313.1934	97.1486
313.2054	113.3573
313.2175	99.0978
313.2295	96.9421
313.2415	97.8345
313.2536	98.0918
313.2656	95.9361
313.2776	100.7218
313.2896	100.5828
313.3017	99.8164
313.3137	103.9761
313.3257	100.1517
313.3377	96.6707
313.3498	97.4531
313.3618	98.5549
313.3738	97.3094
313.3859	96.3031
313.3979	100.7745
313.4099	97.9960
313.4219	111.2822
313.4340	98.2196
313.4460	96.9421
313.4580	95.9840
313.4701	97.3253
313.4821	99.7525
313.4941	99.3659
313.5061	97.8363
313.5182	97.6766
313.5302	102.1416
313.5422	100.1836
313.5543	98.1717
313.5663	100.4826
313.5783	96.5115
313.5903	95.7445
313.6024	96.7019
313.6144	102.5309
313.6264	98.3952
313.6384	100.9292
313.6505	96.1437
313.6625	97.0539
313.6745	98.2971
313.6866	97.7565
313.6986	97.5649
313.7106	96.7665
313.7226	97.8026
313.7346	98.4910
313.7467	101.2216
313.7587	97.8824
313.7708	96.6713
313.7828	98.1992
313.7948	101.2695
313.8068	98.4456
313.8188	97.3081
313.8309	97.1497
313.8429	97.2934
313.8549	99.7169
313.8670	97.4212
313.8790	97.8683
313.8910	97.4038
313.9030	96.6866
313.9151	97.5329
313.9271	98.3313
313.9391	98.0578
313.9511	96.6387
313.9632	97.5968
313.9752	97.5968
313.9872	98.6800
313.9993	98.0599
314.0113	103.7368
314.0233	100.6673
314.0353	100.4985
314.0474	97.2762
314.0594	98.3496
314.0714	98.6800
314.0835	96.3353
314.0955	97.4850
314.1075	97.8664
314.1195	98.0120
314.1316	98.2515
314.1436	97.5329
314.1556	96.5902
314.1677	98.4112
314.1797	99.3693
314.1917	98.0738
314.2037	102.7864
314.2158	99.4491
314.2278	98.2196
314.2398	99.3180
314.2518	99.0818
314.2639	97.1167
314.2759	96.9910
314.2879	101.0249
314.3000	97.9162
314.3120	97.7565
314.3240	97.3081
314.3360	96.4311
314.3481	110.5309
314.3601	97.5649
314.3721	98.2812
314.3842	98.3473
314.3962	97.7245
314.4082	96.5749
314.4202	97.3892
314.4323	97.8983
314.4443	97.7405
314.4563	98.4726
314.4684	96.3673
314.4804	97.2934
314.4924	97.7565
314.5044	98.2493
314.5164	100.1677
314.5285	96.4950
314.5405	101.2004
314.5525	98.1078
314.5646	102.7705
314.5766	99.5892
314.5886	98.4591
314.6006	99.2894
314.6127	99.0339
314.6247	97.9481
314.6367	97.6766
314.6487	96.2712
314.6608	97.1816
314.6728	99.3373
314.6848	98.3450
314.6969	98.3633
314.7089	98.1717
314.7209	97.0528
314.7329	98.0120
314.7450	98.7784
314.7570	99.7169
314.7690	98.9541
314.7811	101.8763
314.7931	109.5434
314.8051	101.7006
314.8171	97.8683
314.8292	97.9621
314.8412	97.9181
314.8532	98.7305
314.8652	98.5045
314.8773	98.5389
314.8893	97.8523
314.9013	96.5743
314.9134	98.1078
314.9254	98.4591
314.9374	101.2323
314.9494	97.7725
314.9615	101.2216
314.9735	98.2036
314.9855	98.2014
314.9976	99.3054
315.0096	100.8654
315.0216	100.5349
315.0336	97.9641
315.0457	97.6909
315.0577	97.9481
315.0697	97.8861
315.0818	97.2283
315.0938	98.3473
315.1058	98.5070
315.1178	111.9043
315.1299	96.7984
315.1419	97.4531
315.1539	100.6740
315.1659	97.5329
315.1780	101.8763
315.1900	100.2315
315.2020	97.3240
315.2141	98.7784
315.2261	98.0120
315.2381	98.2036
315.2501	98.5045
315.2621	100.4551
315.2742	95.9362
315.2862	96.6234
315.3103	99.2542
315.3223	98.2537
315.3343	98.5523
315.3463	96.6228
315.3584	99.1138
315.3704	99.8126
315.3824	98.5230
315.3945	97.5489
315.4065	97.1018
315.4185	99.2064
315.4305	101.6527
315.4426	99.7525
315.4546	104.7099
315.4666	97.6766
315.4787	97.4371
315.4907	99.7685
315.5027	104.5503
315.5147	101.4132
315.5268	97.1645
315.5388	98.2378
315.5508	98.4885
315.5628	98.9701
315.5749	99.2735
315.5869	96.7338
315.5989	97.7565
315.6110	98.8743
315.6230	99.2255
315.6350	97.7707
315.6470	98.0599
315.6591	97.9162
315.6711	96.8136
315.6831	97.4226
315.6952	97.3559
315.7072	97.7707
315.7192	97.2136
315.7312	97.8523
315.7433	98.2834
315.7553	97.9302
315.7673	97.0699
315.7793	97.1976
315.7914	98.6347
315.8034	97.8664
315.8154	98.8583
315.8275	96.7665
315.8395	97.0688
315.8515	98.1876
315.8635	98.8902
315.8755	98.6826
315.8876	97.7884
315.8996	98.0759
315.9117	98.8554
315.9237	97.2615
315.9357	97.5010
315.9477	99.2223
315.9597	96.8144
315.9718	95.6168
315.9838	98.9352
315.9958	98.9222
316.0079	100.1038
316.0199	101.4397
316.0319	101.5249
316.0439	97.3094
316.0560	97.9302
316.0680	98.0599
316.0800	100.3273
316.0921	97.2124
316.1041	97.3906
316.1161	99.5928
316.1281	98.0578
316.1402	97.4052
316.1522	97.6766
316.1642	97.5793
316.1762	98.0439
316.1883	100.7425
316.2003	101.5673
316.2123	97.9002
316.2244	97.5649
316.2364	98.2994
316.2484	100.6421
316.2604	99.2894
316.2725	97.9940
316.2845	96.5908
316.2965	102.7864
316.3086	99.4297
316.3206	98.0439
316.3326	101.3706
316.3446	96.8933
316.3567	98.1876
316.3687	98.4591
316.3807	98.9990
316.3928	97.9002
316.4048	99.2255
316.4168	99.2223
316.4288	98.0439
316.4409	102.7066
316.4529	100.7265
316.4649	100.1157
316.4769	97.0858
316.4890	100.9820
316.5010	99.4297
316.5130	100.8543
316.5251	96.5749
316.5371	96.0160
316.5491	101.7862
316.5611	97.9462
316.5732	104.5823
316.5852	97.6144
316.5972	97.0369
316.6093	99.1457
316.6213	98.6986
316.6333	99.3180
316.6453	97.8363
316.6573	98.0279
316.6694	100.9341
316.6814	113.2124
316.6934	102.2914
316.7055	96.6707
316.7175	97.6271
316.7295	98.1717
316.7415	100.3753
316.7536	102.0838
316.7656	96.7497
316.7776	97.7245
316.7896	98.5842
316.8017	99.4845
316.8137	99.2223
316.8257	99.1107
316.8378	96.5914
316.8498	98.1695
316.8618	101.3174
316.8738	97.8363
316.8859	97.3892
316.8979	104.3749
316.9099	102.8503
316.9220	96.4152
316.9340	98.3769
316.9460	98.1078
316.9580	97.5170
316.9701	99.0788
316.9821	99.0818
316.9941	98.2834
317.0062	98.7465
317.0182	97.9781
317.0302	96.6547
317.0422	97.1018
317.0543	97.4052
317.0663	98.1216
317.0783	102.4351
317.0903	97.1816
317.1024	97.1007
317.1144	103.4411
317.1264	103.1377
317.1385	99.6088
317.1505	99.2861
317.1625	97.1976
317.1745	97.7725
317.1866	98.4751
317.1986	97.2136
317.2106	96.0638
317.2227	97.5968
317.2347	97.7725
317.2467	103.7687
317.2587	99.9601
317.2708	100.9661
317.2828	96.5743
317.2948	97.7405
317.3069	98.0120
317.3189	97.7547
317.3309	100.8064
317.3429	98.2355
317.3549	99.3659
317.3670	97.8523
317.3790	100.1996
317.3910	99.2096
317.4030	97.4212
317.4151	95.8243
317.4271	96.6381
317.4391	102.4032
317.4512	97.7725
317.4632	104.5184
317.4752	100.0239
317.4872	98.1717
317.4993	100.9611
317.5113	102.7066
317.5233	101.8763
317.5354	97.6909
317.5474	98.9381
317.5594	98.8583
317.5714	99.5892
317.5835	98.3473
317.5955	96.2877
317.6075	98.7570
317.6196	97.9021
317.6316	97.3733
317.6436	96.2552
317.6556	99.6886
317.6677	97.9481
317.6797	99.2223
317.6917	96.4471
317.7037	97.5170
317.7158	97.1486
317.7278	97.0539
317.7398	98.0120
317.7519	101.0778
317.7639	97.5155
317.7759	96.5908
317.7879	96.5269
317.8000	97.2921
317.8120	99.9161
317.8240	99.0309
317.8361	98.2493
317.8481	97.0230
317.8601	100.4985
317.8721	97.3094
317.8842	97.9481
317.8962	98.7916
317.9082	98.4751
317.9203	97.9002
317.9323	101.0090
317.9443	97.2774
317.9563	97.4691
317.9684	96.9261
317.9804	96.2074
317.9924	98.4271
318.0044	102.4032
318.0165	97.1018
318.0285	96.2712
318.0405	98.9701
318.0526	111.6331
318.0646	97.7263
318.0766	98.6002
318.0886	96.7976
318.1006	98.2058
318.1127	101.4397
318.1247	97.7884
318.1367	97.0858
318.1488	97.4197
318.1608	98.9701
318.1728	97.6926
318.1848	98.9541
318.1969	97.2762
318.2089	97.7565
318.2209	97.7565
318.2330	97.7707
318.2450	102.6427
318.2570	96.5749
318.2690	98.0439
318.2811	97.4836
318.2931	97.4052
318.3051	98.7916
318.3171	97.7423
318.3292	99.2383
318.3412	98.1876
318.3532	97.0539
318.3653	99.1426
318.3773	103.8723
318.3893	102.4351
318.4013	99.9761
318.4134	97.7707
318.4254	99.9281
318.4374	99.2255
318.4495	99.5609
318.4615	98.3792
318.4735	97.0688
318.4855	97.6447
318.4976	99.8445
318.5096	97.5649
318.5216	97.3094
318.5337	96.4790
318.5457	100.2273
318.5577	98.0439
318.5697	96.9102
318.5818	97.2602
318.5938	100.7265
318.6058	102.8343
318.6178	110.8993
318.6299	96.7665
318.6419	96.6387
318.6539	97.2774
318.6660	97.4850
318.6780	98.2515
318.6900	97.3081
318.7020	100.4870
318.7141	97.8044
318.7261	97.4676
318.7381	98.3313
318.7502	100.2156
318.7622	97.7866
318.7742	96.8942
318.7862	97.2615
318.7982	102.0937
318.8103	100.0080
318.8223	101.2216
318.8344	102.0299
318.8464	96.2076
318.8584	98.2515
318.8704	98.8873
318.8824	97.4705
318.8945	96.3832
318.9065	95.7288
318.9185	100.3753
318.9306	98.7625
318.9426	98.2173
318.9546	97.7405
318.9666	99.1297
318.9787	99.0469
318.9907	98.2994
319.0027	102.4671
319.0147	98.2675
319.0268	97.5474
319.0388	97.7086
319.0508	96.8623
319.0629	98.8873
319.0749	98.2036
319.0869	96.8933
319.0989	97.2136
319.1110	98.1419
319.1230	97.4357
319.1350	97.5329
319.1471	98.4112
319.1591	110.4526
319.1711	96.5908
319.1831	99.1936
319.1952	99.6849
319.2072	97.6287
319.2192	97.4531
319.2312	97.9321
319.2433	97.8185
319.2553	102.2116
319.2673	98.1717
319.2794	96.5429
319.2914	96.9412
319.3034	101.9082
319.3154	96.9890
319.3275	97.5664
319.3395	96.1436
319.3515	97.0209
319.3636	99.3087
319.3756	99.1585
319.3876	97.3413
319.3996	96.8942
319.4117	96.8295
319.4237	97.2615
319.4357	98.6826
319.4478	98.1078
319.4598	97.1486
319.4718	97.7725
319.4838	99.1457
319.4958	101.5035
319.5079	99.9761
319.5199	97.5170
319.5319	97.5329
319.5440	99.7009
319.5560	98.8902
319.5680	101.9980
319.5800	98.4136
319.5921	97.3878
319.6041	97.4691
319.6161	98.5389
319.6281	98.5523
319.6402	97.4371
319.6522	96.7186
319.6642	97.7405
319.6763	98.1535
319.6883	99.0659
319.7003	99.0499
319.7123	96.5749
319.7244	99.7685
319.7364	99.7647
319.7484	98.3290
319.7605	102.2755
319.7725	97.4052
319.7845	96.7505
319.7965	99.3978
319.8086	98.9701
319.8206	99.0180
319.8326	96.7345
319.8447	96.7817
319.8567	96.5908
319.8687	99.8164
319.8807	97.8504
319.8928	98.2355
319.9048	97.4212
319.9168	98.3633
319.9288	98.1397
